3.073607
2.213159
0.223169
0.588135
2.708642
3.071996
1.083618
0.028198
2.213159
3.275829
2.210741
0.588135
0.223169
2.209935
3.270189
1.647583
0.028198
1.087646
3.071190
3.077636
1.082812
0.026587
1.646777
3.271801
2.210741
0.223169
0.028198
0.223169
1.648388
2.212353
3.074413
1.082006
0.028198
1.077172
3.271801
1.645971
0.027393
1.645971
3.270995
3.075218
0.586523
0.584106
2.708642
3.072802
2.708642
2.211547
3.074413
2.707030
1.649194
0.584912
0.224780
2.708642
3.073607
1.080395
0.225586
1.649194
3.268578
2.211547
0.228003
0.588135
2.707836
2.709447
0.587329
0.221558
2.709447
3.277440
2.210741
0.580884
0.586523
2.212353
3.270189
3.071996
2.211547
1.081201
1.082006
0.222363
0.026587
1.647583
3.270995
2.212353
0.587329
0.588135
2.209130
3.270189
1.648388
0.027393
1.605688
3.272606
1.650805
0.029004
1.647583
3.075218
3.076024
1.647583
0.222363
0.586523
3.075218
2.708642
1.646777
0.025781
1.082006
3.074413
3.074413
1.654028
0.026587
1.647583
3.271801
2.213159
0.027393
1.084424
3.073607
3.073607
2.214769
0.586523
0.220752
2.708642
2.708642
0.586523
0.027393
1.648388
3.272606
3.075218
1.084424
0.028198
2.210741
3.272606
1.082006
0.027393
1.650805
3.270995
2.210741
1.082006
0.029810
1.087646
3.073607
2.709447
0.223975
0.584106
2.709447
3.075218
1.079589
0.223169
2.213964
3.270995
1.081201
0.588940
0.222363
0.223169
0.029004
0.585717
1.649194
3.076024
2.707836
0.588135
0.586523
2.709447
3.075218
1.647583
0.024976
1.085229
3.074413
2.707836
1.082006
0.588135
0.586523
0.029004
0.586523
1.647583
3.075218
3.073607
1.084424
0.027393
1.650000
3.270995
2.211547
0.223169
0.586523
2.209935
3.075218
1.082006
0.219141
2.208324
3.270995
2.209130
0.222363
0.223975
2.214769
3.270995
2.213159
0.223975
1.082812
3.270189
2.216381
0.222363
0.025781
1.081201
2.709447
3.076024
1.082812
0.222363
2.212353
3.273412
3.075218
2.210741
0.221558
0.029810
0.586523
1.644360
3.274218
2.212353
0.223975
0.586523
2.209130
3.266161
1.085229
0.028198
1.645971
2.211547
2.705419
3.268578
2.708642
1.647583
0.228003
0.225586
1.645165
3.270189
2.211547
0.223169
0.587329
2.709447
3.271801
1.648388
0.024170
1.082812
3.076024
2.210741
0.027393
1.078784
3.075218
3.076830
1.082812
0.023364
0.222363
1.648388
3.268578
1.647583
0.031421
0.588940
2.707836
2.708642
1.083618
0.027393
2.209935
3.270189
1.090868
0.031421
1.082006
3.270995
2.707836
0.586523
0.027393
1.082812
2.703002
3.270189
2.212353
0.223169
1.082006
3.072802
2.707030
1.648388
0.221558
0.586523
2.707030
2.708642
0.601025
0.224780
2.211547
3.270995
1.647583
0.222363
0.589746
2.707030
3.071996
1.081201
0.028198
1.647583
3.073607
3.074413
1.645971
0.222363
0.592163
2.708642
2.709447
2.213159
1.082812
0.026587
0.027393
1.083618
3.071996
2.707836
0.223975
0.592968
3.023656
2.705419
1.082006
0.222363
1.646777
3.271801
1.646777
0.024976
1.648388
3.271801
1.649194
0.028198
0.584912
2.712670
3.270189
1.648388
0.024976
2.212353
3.270189
2.210741
0.028198
0.588135
2.209130
3.075218
1.082812
0.025781
1.649194
3.269383
1.651611
0.027393
1.082812
2.215575
3.270995
2.213964
0.222363
0.587329
1.082006
1.647583
2.211547
3.073607
2.710253
0.587329
0.588940
2.213159
3.270189
1.082812
0.026587
0.587329
1.645971
2.707836
3.271801
2.707030
1.649194
0.223975
0.028198
2.212353
3.270189
1.647583
0.027393
1.081201
3.270995
2.212353
0.222363
0.219141
1.083618
2.213159
3.072802
3.270995
3.270995
3.074413
2.212353
0.588940
0.222363
2.211547
3.270189
1.643554
0.022559
1.648388
3.074413
3.075218
1.649194
0.584106
0.027393
1.652416
3.075218
2.709447
0.590552
0.220752
2.212353
3.268578
2.711864
1.083618
0.221558
0.024976
1.082812
2.706224
3.071190
1.085229
0.227197
0.588135
3.075218
3.074413
1.080395
0.029810
0.588940
2.213159
3.269383
3.074413
1.647583
0.220752
0.221558
1.646777
3.078442
2.711059
0.583301
0.025781
0.587329
2.711059
3.270189
1.647583
0.027393
0.028198
0.022559
0.585717
2.213964
3.270189
1.645971
0.025781
1.082812
3.073607
3.075218
1.648388
0.027393
0.585717
1.082812
2.705419
3.273412
2.211547
0.587329
0.026587
1.646777
3.270189
2.706224
1.646777
0.222363
0.589746
2.210741
3.072802
3.271801
2.212353
0.223169
0.221558
1.649194
3.268578
2.708642
0.584106
0.223169
1.649194
3.075218
3.071996
1.647583
0.024976
0.585717
2.213159
3.270995
2.211547
1.082812
0.223169
0.026587
0.586523
1.649194
3.071190
3.076024
2.209130
0.587329
0.034644
0.588135
2.210741
3.271801
2.707836
0.585717
0.219141
2.212353
3.271801
2.211547
0.026587
1.082812
3.075218
2.209935
1.647583
2.212353
0.583301
0.028198
1.649194
3.270189
2.211547
0.223975
0.029810
0.222363
2.212353
3.271801
1.645165
0.222363
0.585717
3.075218
3.071996
3.077636
3.075218
2.707030
0.224780
0.021753
0.587329
1.647583
3.077636
2.707836
2.210741
0.586523
0.026587
1.083618
3.076830
2.709447
0.587329
0.227197
2.209130
3.269383
2.212353
0.223975
1.083618
2.709447
3.271801
1.647583
0.219141
0.222363
2.211547
3.272606
1.646777
0.219946
1.083618
2.707836
3.075218
1.645971
0.026587
1.647583
3.270189
2.210741
0.026587
1.646777
3.275023
2.710253
1.083618
0.026587
0.221558
0.586523
2.210741
3.270189
2.709447
1.080395
0.025781
1.082812
2.209935
3.076024
3.270995
2.707030
0.585717
0.029004
1.082812
2.707836
3.271801
2.210741
0.586523
0.030615
0.587329
1.645165
3.270995
2.209935
0.222363
0.027393
0.228003
1.083618
2.213159
3.274218
2.217187
0.221558
0.222363
1.648388
2.708642
3.274218
3.076024
1.647583
0.223169
0.587329
2.209935
3.272606
1.648388
0.222363
0.026587
1.645971
3.270189
1.648388
0.027393
1.083618
2.707836
2.707836
1.078784
0.223169
2.209935
3.272606
2.210741
0.587329
0.587329
1.646777
3.076024
3.271801
3.073607
2.212353
0.222363
0.586523
2.707030
3.073607
1.084424
0.223169
2.212353
3.255688
1.648388
0.223169
0.225586
2.213159
3.074413
2.211547
0.586523
0.027393
1.651611
3.270189
2.213964
0.227197
0.582495
2.713475
3.263744
1.652416
0.223169
0.586523
2.706224
3.273412
2.209935
0.582495
0.223169
1.646777
0.025781
2.213159
3.270995
3.268578
2.709447
1.646777
0.587329
0.027393
0.586523
2.212353
3.270189
2.706224
0.589746
0.028198
1.649194
2.709447
2.707836
0.587329
0.224780
2.209935
3.272606
1.645971
0.036255
1.646777
3.271801
1.648388
0.025781
0.589746
3.074413
2.708642
1.649194
1.082006
0.220752
0.224780
1.647583
3.075218
2.211547
1.083618
0.224780
0.224780
1.080395
2.711059
3.266967
2.213964
0.587329
0.028198
1.648388
2.210741
3.270189
3.071190
1.648388
0.023364
1.080395
1.647583
2.707836
3.271801
2.211547
1.082812
0.026587
1.082812
3.076024
2.706224
0.586523
0.027393
0.222363
1.649194
2.707030
3.074413
2.708642
0.586523
0.225586
2.212353
3.270189
1.648388
0.025781
1.082006
3.270995
2.206713
0.585717
0.027393
1.648388
3.074413
2.710253
1.080395
0.222363
2.212353
3.270189
1.645165
0.223169
0.225586
2.213159
3.272606
1.645971
0.219141
0.220752
2.213964
3.268578
1.647583
0.222363
0.028198
1.648388
3.270189
2.211547
0.221558
0.586523
1.648388
3.272606
2.211547
0.225586
1.084424
3.072802
2.709447
0.593774
0.028198
1.084424
3.073607
2.707836
2.211547
2.210741
0.584106
0.222363
2.708642
3.271801
2.708642
0.586523
0.028198
0.585717
1.648388
3.074413
2.707836
1.083618
0.222363
0.223975
1.082006
2.707030
3.271801
2.209935
0.586523
0.024976
1.082812
2.707836
3.271801
3.270995
2.209935
0.586523
0.222363
1.648388
3.275023
3.072802
2.707836
0.584912
0.587329
0.026587
0.583301
3.075218
3.270995
2.708642
1.087646
0.222363
0.224780
1.082812
3.071996
3.073607
1.648388
0.585717
0.029004
0.587329
2.210741
1.081201
3.076830
2.707836
1.645971
1.082812
0.224780
0.025781
0.585717
2.211547
3.270189
2.707836
1.081201
0.221558
0.024976
0.585717
2.210741
3.068773
3.059105
1.646777
0.027393
0.587329
2.210741
2.709447
3.270995
1.647583
0.028198
0.585717
2.212353
3.271801
1.647583
0.222363
0.578467
2.201074
3.076830
1.083618
0.027393
1.083618
3.076830
2.707836
0.586523
0.224780
2.212353
3.074413
1.648388
0.029004
0.222363
2.210741
3.270189
2.212353
0.587329
0.585717
2.707030
3.071996
0.586523
0.029810
1.649194
2.211547
2.703808
3.072802
3.259716
2.211547
1.082006
0.223169
1.083618
2.211547
3.271801
2.711059
1.082812
0.024170
2.212353
3.271801
1.082812
0.032227
0.588135
2.211547
3.275829
1.082006
0.029810
0.221558
2.213159
3.273412
2.212353
0.028198
0.585717
2.700585
2.710253
0.585717
0.585717
2.213159
3.075218
1.083618
0.029810
1.646777
3.275023
2.215575
1.077978
0.027393
0.223975
0.586523
2.210741
3.270189
3.075218
2.214769
0.028198
0.208667
1.083618
3.074413
2.707030
0.584912
0.221558
2.210741
3.076830
3.073607
1.649194
0.587329
0.220752
2.213964
3.270995
2.707836
0.585717
0.223169
2.710253
3.075218
1.082006
0.027393
1.647583
3.270995
2.210741
0.222363
0.585717
2.707030
3.076024
2.709447
2.211547
1.086035
0.027393
0.223975
0.588135
2.707836
3.073607
1.083618
0.024976
1.084424
3.075218
2.712670
1.647583
0.221558
0.027393
1.647583
2.707836
3.072802
3.074413
2.210741
0.585717
0.222363
1.647583
2.708642
3.270189
2.215575
1.080395
0.029810
0.585717
2.709447
2.707836
0.222363
0.028198
0.587329
1.078784
2.708642
3.268578
3.073607
1.082006
0.217529
0.588940
1.645971
2.707030
3.071996
1.648388
0.588940
0.026587
1.082006
3.272606
2.709447
0.588135
0.029004
1.648388
3.271801
2.212353
0.223169
0.588940
1.655639
3.270995
2.211547
0.030615
1.082006
3.072802
3.073607
0.586523
0.029004
1.647583
3.267773
2.703002
0.588940
0.224780
2.212353
3.072802
1.080395
0.222363
2.212353
3.269383
2.213964
0.027393
1.082006
3.073607
3.074413
1.645165
0.028198
1.084424
2.210741
3.265355
2.209935
0.221558
1.084424
3.076024
3.270995
3.270189
3.074413
2.212353
1.081201
0.219141
0.223169
1.650000
3.270995
2.210741
0.220752
0.584912
2.211547
3.271801
1.647583
0.024170
1.647583
3.273412
1.648388
0.023364
1.648388
3.074413
2.707030
0.577661
0.025781
1.083618
3.076024
2.707836
0.589746
0.027393
1.083618
3.075218
2.210741
0.223975
0.590552
2.713475
3.075218
1.083618
0.026587
2.212353
3.271801
1.648388
0.219946
0.222363
2.707836
3.271801
3.269383
2.707836
1.082812
0.028198
1.086035
3.073607
2.710253
0.223975
0.220752
2.205102
3.267773
2.211547
0.223975
0.223169
1.645165
3.273412
3.072802
2.209935
1.646777
0.586523
0.224780
1.084424
2.708642
3.270189
3.073607
2.209935
0.587329
0.027393
0.589746
3.075218
3.270189
2.213159
1.085229
0.223975
0.029004
0.585717
2.707030
3.270995
2.215575
1.081201
0.024170
0.589746
2.706224
3.271801
2.709447
1.082006
0.025781
0.223975
1.082812
3.076024
2.709447
0.587329
0.217529
2.213159
3.073607
1.083618
0.027393
1.082006
3.072802
2.708642
0.588135
0.223975
2.209935
3.275023
2.708642
1.083618
1.645971
0.586523
0.028198
0.587329
2.213964
3.270995
2.210741
0.580078
0.027393
0.224780
1.082812
2.213159
3.271801
2.204296
0.220752
0.584912
2.210741
3.274218
2.210741
0.223975
0.221558
2.212353
3.074413
1.647583
0.029810
1.081201
3.074413
2.707030
0.586523
0.222363
1.647583
3.074413
3.073607
1.080395
0.029004
2.209935
3.271801
2.212353
0.224780
0.026587
2.212353
3.076024
3.075218
2.211547
0.223169
0.027393
0.025781
1.645165
3.074413
3.270995
1.082812
0.586523
0.029810
0.221558
0.025781
1.646777
3.275829
1.645971
2.209935
2.210741
1.082006
0.223975
1.651611
3.074413
3.076024
1.082006
0.026587
1.648388
3.269383
2.709447
0.583301
0.215112
1.646777
3.270995
1.649194
0.015308
1.083618
3.271801
2.207519
0.222363
0.586523
2.708642
3.270189
2.211547
0.582495
0.225586
0.027393
0.222363
1.079589
3.271801
3.072802
1.645971
0.586523
0.220752
1.082812
2.709447
3.271801
2.707030
1.083618
1.650805
0.025781
1.083618
3.072802
2.708642
0.586523
0.223169
1.647583
3.074413
3.273412
3.074413
2.212353
0.587329
0.028198
1.082812
2.211547
3.075218
2.707030
0.585717
0.029004
1.645971
3.272606
2.211547
0.586523
0.584912
2.210741
3.275023
2.209935
0.032227
1.081201
3.074413
3.077636
1.082812
0.024976
1.082812
2.213964
3.271801
2.211547
0.223975
1.083618
2.708642
3.072802
1.082812
0.028198
1.080395
3.073607
2.708642
0.223975
0.586523
1.647583
3.074413
2.708642
0.223975
0.220752
1.083618
3.072802
2.709447
0.222363
0.225586
1.650000
3.272606
1.647583
0.028198
1.082006
3.071996
3.272606
2.211547
0.221558
0.222363
0.587329
2.205102
2.706224
3.270995
3.075218
0.585717
0.027393
0.586523
1.645165
3.076024
2.708642
1.081201
0.030615
0.586523
2.210741
3.073607
3.072802
2.707030
1.083618
0.223169
0.220752
2.209935
3.076830
2.699780
2.707836
2.210741
0.587329
0.026587
0.590552
2.211547
3.271801
2.708642
0.222363
0.025781
0.029810
0.580078
2.211547
3.270189
2.707836
0.586523
0.028198
0.223169
1.647583
3.077636
3.270189
1.648388
0.026587
0.586523
2.707836
3.266161
2.707030
1.083618
1.647583
0.585717
0.221558
1.648388
2.707030
3.075218
2.210741
